%%MatrixMarket matrix coordinate real general
%
494 494 4094
1 1 2.220874000000000e+03
1 16 -9.960159000000001e+00
1 46 -8.196721000000000e+00
1 249 1.349872868377000e-02
1 267 -4.051864000000000e+00
1 356 -4.380379662520417e-02
1 391 -2.981360844968108e-02
2 2 5.410670000000000e+00
2 4 -5.410670000000000e+00
2 43 1.031234482836295e-02
2 164 5.166983709167876e-02
2 301 -3.283049608080881e-02
2 338 1.291987491043662e-02
2 343 -5.166553593770079e-02
3 3 1.357086000000000e+01
3 52 -5.665723000000000e+00
3 186 -7.905138000000000e+00
3 293 -7.734735265768278e-02
3 354 -8.820598154885974e-02
3 370 -1.813211939705687e-01
4 2 -5.410670000000000e+00
4 4 6.183968000000000e+02
4 8 -9.199632000000000e+01
4 40 2.325593775355232e-02
4 120 -1.000000000000000e+02
4 158 -2.941176000000000e+02
4 221 -4.382380690297513e-02
4 344 -1.256533401337023e-01
4 365 3.829051725803559e-02
4 429 -5.350455000000000e+01
4 432 -7.336757000000000e+01
5 5 8.000000000000000e+00
5 47 -8.842535671483469e-02
5 76 -1.420627176687327e-01
5 85 3.104661691070782e-02
5 115 -8.000000000000000e+00
5 172 8.198330214196257e-02
5 276 5.939441375331304e-03
6 6 5.251112000000000e+00
6 56 5.424215211778709e-02
6 59 9.911264874075726e-02
6 146 4.452054495052198e-02
6 150 -1.526718000000000e+00
6 345 -2.178320545195334e-01
6 416 -1.493945256529264e-01
6 433 -3.724395000000000e+00
6 464 2.268133682399930e-02
7 7 1.250981000000000e+01
7 18 -5.000000000000000e-01
7 73 -1.195425369031052e-01
7 93 9.443729902847290e-04
7 144 8.655318735763101e-02
7 165 -2.619172000000000e+00
7 367 -3.603604000000000e+00
7 399 1.786062244485020e-01
7 426 -5.787037000000000e+00
7 467 5.555542876184547e-02
8 4 -9.199632000000000e+01
8 8 9.199632000000000e+01
8 26 1.172098841618859e-01
8 58 -8.625129686628807e-02
8 69 -1.441721406285381e-02
8 335 -2.067593703023386e-02
8 407 1.118442880823108e-02
8 424 5.935674340076828e-02
8 436 -1.119905211974513e-01
8 451 -7.881073615907512e-02
8 458 9.626510419599404e-02
9 9 1.021450000000000e+01
9 76 -2.203314137201402e-02
9 101 8.363905027777781e-02
9 126 6.979719730908636e-03
9 227 -2.827032004429833e-02
9 237 -1.659906556857315e-02
9 290 1.236465771946290e-01
9 348 5.421407019057228e-02
9 388 -1.733619139766537e-01
9 422 -1.021450000000000e+01
9 486 2.704819558724083e-02
10 10 2.773766000000000e+02
10 19 2.081087459161389e-01
10 35 -4.750951053570979e-02
10 88 4.239196535993169e-02
10 104 1.284531403868463e-01
10 158 -1.257471384463957e-01
10 205 -1.272265000000000e+02
10 277 -1.501501000000000e+02
10 410 -1.279055305724401e-01
11 11 7.980034000000001e+01
11 20 -1.798248984327250e-01
11 120 -1.390821230405817e-01
11 244 1.027821027442994e-01
11 268 6.967180266573252e-02
11 311 -1.264913693460168e-01
11 412 -5.030181000000000e+01
11 436 -2.949853000000000e+01
12 12 1.301557000000000e+01
12 13 -1.333333000000000e+00
12 14 -2.158429000000000e+00
12 16 -9.523809000000000e+00
12 160 3.097502423492804e-01
12 258 3.067849652124049e-02
12 336 -4.398928455086494e-02
13 12 -1.333333000000000e+00
13 13 1.333333000000000e+00
13 87 4.570317606080276e-02
13 132 -1.598402282363723e-01
14 12 -2.158429000000000e+00
14 14 2.158429000000000e+00
14 31 5.206502314458272e-02
14 89 -2.260375242332888e-01
14 177 1.651518777903261e-01
14 235 -4.058916466525802e-03
14 253 8.225376346881734e-02
14 294 1.031369160291837e-01
14 300 -4.796872654618736e-02
14 412 -2.176145279775875e-02
15 15 7.012623000000000e+00
15 16 -7.012623000000000e+00
15 70 -1.108675243497858e-01
15 72 -7.975795606905796e-03
16 1 -9.960159000000001e+00
16 12 -9.523809000000000e+00
16 15 -7.012623000000000e+00
16 16 6.012576000000000e+01
16 17 -2.178649000000000e+01
16 19 -7.037297000000000e+00
16 57 -4.805382000000000e+00
16 153 -2.519893073397769e-02
16 160 -1.884769228951330e-01
16 163 7.426075528153296e-02
16 431 -8.114059619274491e-02
17 4 -1.937297426966626e-02
17 16 -2.178649000000000e+01
17 17 1.001224000000000e+02
17 20 -1.760563000000000e+01
17 21 -1.760563000000000e+01
17 281 -1.430615000000000e+01
17 299 9.769377690156195e-03
17 306 -5.084991550152595e-02
17 334 -2.881845000000000e+01
17 377 -2.567602090979521e-02
17 484 1.471114026762478e-01
18 7 -5.000000000000000e-01
18 18 5.000000000000000e-01
18 101 2.704672662543564e-02
18 274 1.865105692819146e-02
19 16 -7.037297000000000e+00
19 19 7.037297000000000e+00
19 228 9.557656189333009e-02
19 375 -1.120321019987763e-01
19 415 5.887280173639759e-04
20 17 -1.760563000000000e+01
20 20 1.760563000000000e+01
20 29 1.539355420189938e-02
20 33 -4.165358485139131e-02
20 346 -5.563713843272984e-02
21 17 -1.760563000000000e+01
21 21 1.760563000000000e+01
21 24 -9.054863777276441e-02
21 92 -2.378383194037929e-02
21 118 -7.601144143465254e-02
21 284 -1.156234996755669e-01
21 320 5.643303942000386e-02
21 487 2.086607951220840e-02
22 3 5.379479273326124e-02
22 22 1.058066000000000e+02
22 23 -3.731343000000000e+01
22 52 5.592231753171592e-03
22 116 1.402819299385586e-01
22 140 -6.849315000000000e+01
22 216 -1.220328590591707e-01
22 415 -1.599076204746362e-01
22 464 3.181109453997547e-02
23 17 1.266431808923541e-01
23 22 -3.731343000000000e+01
23 23 2.381596000000000e+02
23 58 9.368103366528728e-04
23 140 -8.196722000000000e+01
23 152 -1.447475692150480e-02
23 155 -1.086956000000000e+02
23 187 5.985248611820615e-02
23 197 -1.018330000000000e+01
23 283 -1.349644067299885e-02
24 24 7.806402000000000e+00
24 25 -7.806402000000000e+00
24 64 -1.416284369033790e-01
24 138 -7.788840227762960e-02
24 163 -1.634372557155152e-01
24 296 -1.296896537123632e-01
24 365 1.610683716663777e-01
24 411 -8.049278439166330e-02
24 422 8.391617963135917e-02
24 477 4.068099314058864e-02
25 24 -7.806402000000000e+00
25 25 2.504799000000000e+01
25 63 -2.553158172603609e-02
25 157 -4.741584000000000e+00
25 170 -1.250000000000000e+01
26 14 -4.745971038973527e-02
26 26 7.258436000000000e+01
26 73 -1.486733102194311e-01
26 99 -4.237288000000000e+01
26 179 -1.913307466620475e-01
26 425 -3.021148000000000e+01
27 27 4.237288000000000e+02
27 28 -4.237288000000000e+02
27 415 3.178710743522074e-02
28 27 -4.237288000000000e+02
28 28 1.022734000000000e+03
28 44 -8.937130251453707e-02
28 55 -5.189342417042108e-02
28 85 -3.767472000000000e+00
28 173 -5.952381000000000e+02
28 187 -7.402859410375456e-02
29 29 7.613696000000000e+00
29 42 8.228617485316403e-02
29 307 -4.387889000000000e+00
29 316 -3.225806000000000e+00
29 419 -1.541749264441342e-01
29 433 -8.297345505444580e-02
29 439 4.001627427884912e-02
30 30 5.428882000000000e+00
30 31 -5.428882000000000e+00
30 344 5.419789244976568e-03
31 4 -7.737131600507540e-03
31 30 -5.428882000000000e+00
31 31 2.891268000000000e+01
31 62 6.538048519247580e-03
31 119 3.818499525391513e-04
31 182 -1.709402000000000e+01
31 186 -6.389777000000000e+00
31 278 1.514099095975825e-02
31 322 -7.806220064831303e-02
31 347 -6.275757162603582e-02
31 399 1.314421153626195e-01
32 1 -2.038729821337792e-02
32 30 -1.552332969245885e-02
32 32 1.637657000000000e+01
32 240 2.733979267141899e-02
32 291 -6.410113036918257e-02
32 376 -5.000000000000000e+00
32 444 -1.137656000000000e+01
33 33 1.061647000000000e+02
33 34 -6.211180000000000e+01
33 182 -7.492509596740025e-02
33 194 1.242970069796663e-01
33 239 -4.405286000000000e+01
33 328 -3.778687800644486e-02
33 346 -2.933286588727714e-02
33 434 -1.533795795755763e-01
34 21 -7.831559720380650e-02
34 33 -6.211180000000000e+01
34 34 6.211180000000000e+01
34 83 2.839947257675337e-02
34 112 -4.259700606625982e-02
34 451 -1.457480433113397e-01
35 35 1.360544000000000e+01
35 123 9.106081839244790e-02
35 222 -1.360544000000000e+01
35 341 1.556361663995156e-01
36 36 1.122904000000000e+03
36 44 -6.553845533154593e-02
36 62 1.395596534731271e-01
36 122 -1.078884742407803e-01
36 140 5.116510961302494e-02
36 160 -3.613066702897497e-02
36 325 -1.111111000000000e+03
36 419 -1.179245000000000e+01
36 468 4.082431949577373e-02
37 37 2.085616000000000e+02
37 85 9.020428334506778e-02
37 147 -8.561643999999999e+00
37 210 1.913258451392975e-01
37 262 -2.000000000000000e+02
37 268 -7.063060443091904e-02
37 332 3.170297799516113e-02
37 460 -8.608968158251556e-02
37 463 3.540345299675857e-02
38 14 -1.442299007054103e-01
38 38 1.928696000000000e+01
38 39 -1.104972000000000e+01
38 342 2.587492884167289e-02
38 398 -8.237232000000001e+00
38 469 7.268353787502714e-03
39 38 -1.104972000000000e+01
39 39 5.042981000000000e+01
39 40 -2.257336000000000e+01
39 71 -4.186921868900786e-02
39 281 -1.680672000000000e+01
39 283 1.362825728748592e-01
39 367 1.492486882366546e-01
39 394 1.602673234939260e-02
39 411 -1.099611577442973e-01
40 39 -2.257336000000000e+01
40 40 1.073191000000000e+02
40 248 -1.859185339361881e-01
40 333 1.119919280455165e-01
40 417 -8.474576000000000e+01
40 460 7.465070035652475e-02
40 489 1.051914835567522e-01
41 41 1.125308000000000e+03
41 47 -1.165501000000000e+01
41 213 -8.692370549633650e-02
41 328 -1.111111000000000e+03
41 351 1.933399379145661e-01
41 413 -2.541942000000000e+00
42 15 -7.890296681313599e-02
42 42 4.063024000000000e+01
42 95 1.324086934575599e-02
42 172 -3.484320000000000e+01
42 328 -5.787037000000000e+00
42 409 -2.025274753689462e-01
43 43 3.225806000000000e+01
43 92 -5.418749107921400e-02
43 142 1.029456274757667e-01
43 175 -3.225806000000000e+01
43 311 -9.681831147098896e-02
43 415 -2.127725599665631e-02
44 44 5.045194000000000e+01
44 102 -1.199041000000000e+01
44 104 -1.598840424579633e-01
44 106 2.569468171091308e-02
44 120 1.082604862151402e-01
44 272 -7.762697430248348e-02
44 286 -3.846154000000000e+01
44 367 4.251558101239825e-02
44 386 -1.277500381323177e-02
44 433 -1.160565066354509e-01
45 45 2.189011000000000e+01
45 115 -7.858721739829200e-02
45 140 9.899855903751109e-02
45 174 -6.293266000000000e+00
45 201 1.148692865518994e-01
45 203 -4.997501000000000e+00
45 264 -5.336179000000000e+00
45 274 7.228423950003640e-02
45 285 -5.263158000000000e+00
45 396 -1.528677975392155e-03
45 406 1.849342188447341e-02
46 1 -8.196721000000000e+00
46 46 1.495348000000000e+01
46 63 -4.259377260402145e-02
46 69 2.980963896258250e-02
46 114 -1.595172294249334e-01
46 122 3.241835663412416e-02
46 144 1.546729608288891e-01
46 160 1.150032530895652e-03
46 253 -6.756757000000000e+00
46 264 -5.452781441583104e-02
46 266 1.445470839916480e-02
47 7 -1.089220519537019e-01
47 41 -1.165501000000000e+01
47 47 2.927953000000000e+01
47 51 -1.047206836394361e-04
47 153 -3.419973000000000e+00
47 187 -4.098152270992342e-02
47 285 -1.420455000000000e+01
47 377 9.108600512880283e-02
47 461 -1.075075913054850e-01
48 48 1.682986000000000e+03
48 60 -9.604466872609735e-02
48 175 -4.966356998005935e-02
48 205 -1.140251000000000e+02
48 253 -2.543173834907889e-02
48 271 -1.333333000000000e+03
48 283 -1.801802000000000e+02
48 306 -5.544774000000000e+01
48 472 6.667208398705091e-02
49 49 6.539337000000000e+01
49 50 -4.761905000000000e+01
49 110 -5.275347522142341e-02
49 114 -6.009615000000000e+00
49 306 6.942367802070198e-02
49 391 -2.435510745491222e-02
49 404 1.489844923866384e-01
49 455 -1.176471000000000e+01
50 49 -4.761905000000000e+01
50 50 1.684125000000000e+02
50 79 2.177607082737310e-02
50 143 1.004682804237488e-01
50 196 7.804962144963362e-02
50 238 -1.111111000000000e+02
50 331 -5.076142000000000e+00
50 442 -4.606173000000000e+00
51 51 3.944635000000000e+01
51 82 -2.427184000000000e+01
51 140 -1.404125620166749e-02
51 150 8.137251862826250e-02
51 409 -1.517451000000000e+01
52 3 -5.665723000000000e+00
52 52 1.048500000000000e+01
52 126 -1.163927564385319e-01
52 158 -5.361249944987604e-02
52 178 -4.606415290116519e-02
52 231 -7.932608142640785e-02
52 260 -4.982657383478161e-02
52 397 -4.819277000000000e+00
53 53 8.916083999999999e+01
53 212 9.449065290693548e-02
53 264 -3.511014922032499e-02
53 271 -3.787879000000000e+01
53 287 -2.398492556318918e-02
53 310 -5.128205000000000e+01
53 373 -6.295631808981657e-02
53 389 -4.924167173986729e-02
54 43 1.135350679600950e-01
54 54 1.470295000000000e+01
54 162 -6.896552000000000e+00
54 170 2.507118997071854e-02
54 176 -1.728949984724122e-01
54 406 -7.806402000000000e+00
55 55 4.084595000000000e+01
55 114 1.628426884520090e-01
55 258 1.053872363549612e-01
55 269 -2.197802000000000e+01
55 331 -4.960434456540322e-02
55 338 -7.630976580161897e-03
55 363 -1.886793000000000e+01
56 56 2.084468000000000e+01
56 124 -9.633910999999999e+00
56 131 5.473393437549959e-02
56 136 -2.131176700900085e-01
56 224 -1.121076000000000e+01
56 354 -7.393651819592394e-02
56 398 2.032052044880961e-01
56 410 -4.239167215175649e-02
57 16 -4.805382000000000e+00
57 29 -4.472132747830167e-02
57 57 1.921461000000000e+01
57 84 -1.440922000000000e+01
57 96 -1.217868615132378e-02
57 190 -3.154099319777832e-02
57 242 -5.647990031249733e-02
57 381 2.960468344947787e-01
58 58 8.290816000000000e+00
58 59 -6.250000000000000e+00
58 60 -2.040816000000000e+00
58 67 1.800364632364918e-01
58 128 1.608785869234188e-01
58 201 8.616643040906004e-02
58 207 -1.654644302141804e-01
59 58 -6.198319216531781e+00
59 59 6.399854000000000e+01
59 87 -1.067029355054732e-01
59 110 -2.769104946531341e-02
59 206 -7.453699678449742e-02
59 252 -5.085067171838860e-03
59 306 -1.051157226601083e-02
59 347 -1.388889000000000e+01
59 377 -4.385965000000000e+01
60 58 -2.040816000000000e+00
60 60 2.040816000000000e+00
60 100 1.005002511821588e-01
60 311 1.179172991747152e-01
60 390 -2.876820642615737e-01
60 430 5.900220834425194e-02
60 459 1.042829206332749e-01
61 61 2.570627000000000e+01
61 281 1.668107733727897e-01
61 332 -1.818182000000000e+01
61 418 -7.524455000000000e+00
62 28 6.877854867781691e-02
62 33 -1.657282298267232e-02
62 38 -4.583424956511755e-04
62 62 8.084073999999999e+00
62 343 -1.772314265275432e-01
62 397 -7.897836557922790e-02
62 398 -6.768739662146812e-03
62 438 -8.084073999999999e+00
63 32 1.445016948467822e-01
63 63 1.700138000000000e+01
63 64 -6.702413000000000e-01
63 89 -3.341130000000000e+00
63 179 -8.313265561186460e-02
63 190 -9.523809000000000e+00
63 260 2.597296893610344e-03
63 394 -3.466204000000000e+00
63 463 -1.128254704997379e-01
63 482 1.215453761265960e-02
64 63 -6.702413000000000e-01
64 64 6.702413000000000e-01
64 354 -3.763053419281922e-02
64 355 -2.831421804813473e-02
64 456 -3.377146173199246e-02
64 463 1.357701364940821e-02
64 469 1.160493795191638e-02
64 487 7.136489969782898e-02
65 28 -7.792499815270072e-03
65 30 2.212572051090461e-01
65 59 -7.071063852194150e-02
65 65 6.863511000000000e+01
65 66 -5.617978000000000e+01
65 192 -7.496581418625584e-02
65 228 -9.090146412751424e-02
65 296 1.474299533964535e-02
65 428 -5.643341000000000e+00
65 436 -6.811989000000000e+00
65 489 4.977203828151658e-02
66 65 -5.617978000000000e+01
66 66 5.617978000000000e+01
66 142 1.863571979657522e-01
66 192 6.293789302814982e-02
66 224 3.284078751509376e-03
66 264 -2.963956598298111e-04
66 371 1.795239224360090e-01
66 486 3.816471223572401e-02
67 67 7.944358999999999e+02
67 69 -9.727627000000000e+00
67 70 -7.142858000000000e+02
67 71 -7.042252999999999e+01
67 113 2.082492336544369e-01
67 331 -4.899298851683211e-02
67 379 1.341691027669778e-01
67 463 -1.117502588207561e-01
67 476 7.650492408211189e-03
67 494 -4.744651241111648e-02
68 21 -2.725784714047342e-02
68 68 6.374079000000000e+01
68 70 -2.341920000000000e+01
68 72 -1.507614000000000e+01
68 73 -1.075269000000000e+01
68 177 1.439123484127357e-02
68 186 6.270359292029092e-02
68 214 -1.449275000000000e+01
68 466 -1.780302082687480e-02
69 67 -9.727627000000000e+00
69 69 9.727627000000000e+00
69 267 4.613011806378934e-02
69 290 -5.560817033162671e-02
69 323 -4.770535747234828e-02
69 354 -1.577600822349170e-01
69 410 5.985450429897923e-02
69 494 -5.905344579648628e-02
70 1 4.427057983942468e-03
70 67 -7.142858000000000e+02
70 68 -2.341920000000000e+01
70 70 8.981736000000000e+02
70 71 -6.410257000000000e+01
70 72 -8.467401000000001e+00
70 142 -4.962779000000000e+01
70 311 -1.501501000000000e+01
70 320 -2.325581000000000e+01
70 334 2.123841094491581e-02
70 422 -1.133818107982429e-01
70 466 -6.093394952352345e-02
71 7 -6.794263212459385e-02
71 13 3.778162826902240e-02
71 32 -2.095536546663099e-02
71 67 -7.042252999999999e+01
71 70 -6.410257000000000e+01
71 71 3.097514000000000e+02
71 74 -2.252252000000000e+01
71 75 -2.252252000000000e+01
71 76 -2.702703000000000e+01
71 91 -5.747126000000000e+01
71 353 -4.568296000000000e+01
72 33 1.825342030019795e-02
72 68 -1.507614000000000e+01
72 70 -8.467401000000001e+00
72 72 4.465961000000000e+01
72 212 -8.291874000000000e+00
72 213 -8.424600000000000e+00
72 440 -2.173913000000000e+00
72 464 -2.225684000000000e+00
72 486 3.669779416273943e-02
73 68 -1.075269000000000e+01
73 73 1.075269000000000e+01
73 76 -6.107451691082541e-02
73 95 5.122001666847873e-02
73 112 1.217656045225686e-02
73 126 1.282073532188117e-01
73 181 -2.247179674048821e-03
73 288 7.448573006264785e-02
73 425 -6.807857092562083e-02
73 463 3.105154268442153e-02
74 2 6.125536252106045e-02
74 71 -2.252252000000000e+01
74 74 2.252252000000000e+01
74 76 -1.262062297738911e-02
74 172 -4.111453632425120e-02
74 178 1.216900013697950e-02
74 232 2.931572313133790e-02
74 315 -2.145596739585175e-01
74 430 -1.231549158015480e-01
74 493 2.203623706938072e-01
75 71 -2.252252000000000e+01
75 75 2.252252000000000e+01
75 278 -1.482665572152864e-01
75 377 2.276478112912053e-02
75 400 -7.319374177779397e-02
76 35 -9.418879783031327e-02
76 71 -2.702703000000000e+01
76 73 2.268210970147976e-02
76 76 2.702703000000000e+01
76 110 1.154836539913910e-01
76 220 -3.655624134008877e-02
76 235 6.723029648904323e-02
77 77 4.325696000000000e+01
77 78 -1.162791000000000e+01
77 187 -2.564103000000000e+01
77 264 -5.988024000000000e+00
77 321 2.167840453974097e-02
77 334 -7.916508788584592e-02
77 354 -7.980731754445231e-02
78 28 -2.264961075551810e-02
78 35 -7.143599375309929e-02
78 77 -1.162791000000000e+01
78 78 1.495486000000000e+01
78 87 1.062518087396290e-01
78 123 -1.324152000000000e+00
78 265 -2.002804000000000e+00
78 308 -6.896264992110170e-02
79 79 5.978359000000000e+01
79 80 -1.899335000000000e+01
79 122 -1.697988235615275e-01
79 161 2.075292371539349e-01
79 214 -1.851852000000000e+01
79 421 -2.227172000000000e+01
79 447 -1.122948540437121e-01
79 471 -1.613912736259841e-01
80 16 3.570852982251268e-02
80 28 -5.530045349139910e-03
80 58 2.526829527753340e-02
80 79 -1.899335000000000e+01
80 80 7.698932000000001e+01
80 119 5.601555410736202e-02
80 147 -9.765625000000000e+00
80 252 -3.332223000000000e+00
80 355 -9.661835999999999e+00
80 390 -3.781544705038847e-02
80 393 -3.333334000000000e+01
80 401 -2.996485750158069e-02
80 431 1.015783016094656e-01
80 437 -1.902950000000000e+00
81 16 4.131550357249125e-02
81 81 5.486513000000000e+01
81 282 8.624250330648810e-02
81 318 -2.931227050718324e-02
81 396 -3.424657000000000e+01
81 457 -2.061856000000000e+01
82 12 -8.564982277618147e-02
82 51 -2.427184000000000e+01
82 82 1.306548000000000e+02
82 287 -1.063830000000000e+02
82 320 9.036293937666343e-02
82 414 -6.605579191409893e-03
82 461 1.714140740752006e-02
83 83 8.651168999999999e+00
83 181 -1.793159593932984e-01
83 207 2.373191752493342e-01
83 255 5.371424375987632e-02
83 266 2.073153291858944e-01
83 313 -1.200159744627465e-01
83 314 6.362912175711492e-02
83 363 -2.835624817688618e-03
83 387 -4.880430000000000e+00
83 407 2.189082988730767e-01
83 413 -5.629159164834087e-02
83 423 -3.770739000000000e+00
83 435 1.864021694255459e-01
84 2 -8.846792937437731e-02
84 7 -1.927727316832507e-01
84 57 -1.440922000000000e+01
84 84 1.852954000000000e+01
84 154 4.178853582185341e-02
84 173 -4.120313000000000e+00
84 181 1.234491950572049e-02
84 244 -8.684070245554931e-02
84 308 -1.149963462502220e-01
84 365 -7.158952973713802e-02
84 409 -9.873361787500111e-02
84 472 -1.352401463755403e-01
84 489 -3.005724273188986e-02
85 28 -3.767472000000000e+00
85 60 9.809936814419791e-02
85 85 3.184947000000000e+02
85 88 -2.941176000000000e+02
85 116 -1.402525000000000e+01
85 135 1.337855256038418e-01
85 264 3.244854839757968e-02
85 275 -3.544842000000000e+00
85 312 1.270018179845150e-02
85 367 -5.548534844824119e-02
85 454 -3.039514000000000e+00
85 484 9.149589135281266e-02
86 36 2.858790207332287e-02
86 79 -9.113548103873733e-03
86 86 1.161440000000000e+01
86 88 -1.161440000000000e+01
86 183 -1.779260963240271e-01
86 245 1.113686218111523e-01
86 323 2.515044683557793e-01
86 430 6.728956562712483e-02
86 444 1.736184473209625e-02
87 5 -6.202015765034283e-02
87 56 1.748734035856131e-02
87 87 5.587302000000000e+01
87 88 -4.000000000000000e+01
87 236 -1.587302000000000e+01
87 269 -7.882589331096745e-02
87 334 -8.834337310547874e-02
87 387 -5.722014465091799e-02
87 396 1.266812138987396e-01
87 423 -4.493645571265542e-02
87 446 -8.534638799873936e-02
87 469 5.417595673310550e-04
87 489 -1.059511051941590e-01
88 85 -2.941176000000000e+02
88 86 -1.161440000000000e+01
88 87 -4.000000000000000e+01
88 88 3.457321000000000e+02
88 124 -1.593161838810222e-02
88 281 -3.458323814563979e-02
88 361 1.031572378409559e-01
88 479 2.088420411685140e-01
88 492 1.213137942893199e-01
89 38 -3.085790315480332e-02
89 63 -3.341130000000000e+00
89 89 8.151134000000001e+00
89 145 5.880887528644485e-02
89 162 -1.083417773071144e-02
89 326 -4.810005000000000e+00
89 346 5.762419620815469e-02
90 90 2.150901000000000e+02
90 91 -1.250000000000000e+02
90 356 1.891377853632250e-01
90 386 -9.009010000000001e+01
91 64 -6.489707948498201e-02
91 71 -5.747126000000000e+01
91 90 -1.250000000000000e+02
91 91 2.954285000000000e+02
91 93 -3.875969000000000e+01
91 94 -3.891051000000000e+01
91 95 -1.153403000000000e+01
91 159 -7.285021035583314e-02
91 221 9.414875894414906e-02
91 371 -2.375297000000000e+01
91 375 -5.868578331491144e-02
91 476 -4.168077408571297e-02
92 27 1.335378290816760e-01
92 28 4.169172075028049e-02
92 45 -1.507309531916993e-01
92 49 -1.086677985344169e-01
92 92 7.978151000000000e+01
92 95 -7.462687000000000e+01
92 385 -1.400991531433539e-01
92 387 -5.154639000000000e+00
93 91 -3.875969000000000e+01
93 93 3.875969000000000e+01
93 146 1.880698302677930e-02
93 290 1.950359876578156e-01
93 438 1.195160445630810e-01
93 440 -5.304018082948425e-02
93 473 -1.552714015382354e-01
94 25 7.182182852321488e-02
94 26 1.202009266778936e-01
94 63 6.736615475324272e-02
94 91 -3.891051000000000e+01
94 94 3.891051000000000e+01
94 173 -1.149847498085730e-01
94 221 -8.215575554018306e-02
94 372 7.941829785614719e-02
95 91 -1.153403000000000e+01
95 92 -7.462687000000000e+01
95 95 9.405356000000000e+01
95 96 -7.892660000000000e+00
95 115 -1.127059795525786e-01
95 205 1.109543115081708e-01
95 234 2.425173631711210e-02
95 240 2.567813952168851e-02
95 321 2.853748541611670e-02
96 5 3.301728185913979e-01
96 22 -2.744530547792946e-02
96 70 -1.191867909256206e-02
96 94 2.487432839761099e-02
96 95 -7.892660000000000e+00
96 96 7.892660000000000e+00
96 233 6.913767251530220e-02
96 337 -3.785707826216145e-02
96 347 6.584976992906506e-02
96 491 1.059394323515728e-01
97 80 1.272760962953355e-01
97 97 1.755133000000000e+01
97 326 -1.079914000000000e+01
97 354 -8.983766736634266e-02
97 384 8.902426408516591e-02
97 422 -6.752194000000000e+00
97 435 8.076818504631697e-02
97 440 -1.180126695393019e-02
98 98 1.557329000000000e+01
98 150 -5.892752000000000e+00
98 156 -9.680542000000001e+00
98 188 -1.071767722469119e-01
98 240 -1.442546284952818e-01
99 26 -4.237288000000000e+01
99 79 -5.255226222197956e-02
99 99 7.627119000000000e+01
99 144 -1.970926492863464e-02
99 224 -3.389830000000000e+01
99 229 -7.250148765363937e-02
99 435 7.630220594547617e-02
99 453 4.891590089138122e-02
100 87 -1.138940190873080e-01
100 100 1.230337000000000e+03
100 101 1.230896855809258e-01
100 158 -1.162791000000000e+02
100 220 -7.692308000000000e+02
100 223 6.844707118737703e-02
100 244 -1.521834126478000e-01
100 263 1.681619339173613e-01
100 391 -3.448276000000000e+02
101 101 2.604167000000000e+01
101 102 -2.604167000000000e+01
101 109 -1.746750726608944e-01
101 358 1.728402317021246e-01
101 415 4.204706197116304e-02
102 44 -1.199041000000000e+01
102 101 -2.604167000000000e+01
102 102 7.966989000000000e+01
102 153 -8.046954028063696e-02
102 178 -2.247191000000000e+01
102 179 1.976104816997709e-01
102 183 -1.092882873177735e-02
102 233 -1.000000000000000e+01
102 286 -9.165903000000000e+00
103 63 -2.013134885292552e-02
103 103 1.044050000000000e+02
103 176 4.141879606771770e-02
103 306 -5.564830000000000e+01
103 429 -4.875671000000000e+01
103 431 2.292911468481261e-01
103 475 1.412967800777386e-01
104 104 8.553579000000001e+01
104 105 -4.716981000000000e+00
104 177 -5.783942515139545e-02
104 179 1.692028414903808e-01
104 191 -1.779359000000000e+01
104 194 1.337215975753858e-01
104 202 1.886195365242031e-03
104 257 -1.838235000000000e+01
104 263 -4.464286000000000e+01
104 424 8.290117406079470e-02
104 470 1.419096088857199e-01
105 35 2.401680527023919e-02
105 39 -8.379526266722721e-02
105 57 -8.817133311325080e-03
105 87 -9.837872930154921e-02
105 104 -4.716981000000000e+00
105 105 4.716981000000000e+00
105 144 -9.612701043114159e-02
105 291 -3.511552689465978e-02
105 365 -1.113053691430442e-01
106 20 1.151273195654160e-01
106 92 6.402233886962166e-02
106 106 1.440922000000000e+01
106 201 -1.570128036579245e-01
106 208 1.216768506604405e-01
106 209 -7.486317174762909e-02
106 255 -1.440922000000000e+01
106 276 -1.045267460990294e-01
106 403 1.732882356164337e-03
106 453 -1.207636670155345e-01
107 30 -6.652004642309949e-02
107 107 4.113295000000000e+01
107 161 1.198108288319558e-02
107 233 4.780375338579446e-02
107 236 -9.423387591460737e-02
107 246 -2.008032000000000e+01
107 259 -2.135689122831550e-02
107 273 -1.361085012867085e-02
107 334 -2.105263000000000e+01
107 382 1.267886195353104e-01
107 490 1.311972270205371e-01
108 24 1.232402426560848e-01
108 104 -1.339028554980873e-01
108 108 9.169453000000000e+01
108 191 -7.246377000000000e+01
108 380 -1.923077000000000e+01
108 468 1.933262047391372e-02
108 485 -5.779101160319569e-02
109 109 9.784736000000001e+00
109 112 -9.784736000000001e+00
109 255 1.197224212253412e-01
109 260 -1.078853127162715e-01
109 313 -1.520546160955946e-01
110 25 -5.365094347134164e-02
110 61 -2.292117481694858e-01
110 110 1.029866000000000e+00
110 112 -1.029866000000000e+00
110 114 1.381173692910751e-01
110 398 -1.285916446887292e-01
110 404 -7.985958097481967e-02
111 12 1.270287814265330e-01
111 92 1.226043706195165e-01
111 111 2.164502000000000e+00
111 112 -2.164502000000000e+00
111 163 3.110028430573560e-02
111 229 4.159153279694324e-03
111 257 -1.272668578872539e-01
111 318 2.096477386282065e-01
111 327 5.146121612765493e-02
111 484 1.254831528973979e-02
112 109 -9.784736000000001e+00
112 110 -1.029866000000000e+00
112 111 -2.164502000000000e+00
112 112 2.668996000000000e+01
112 123 -3.492840000000000e+00
112 167 -6.502933292426996e-02
112 179 -6.802721000000000e+00
112 230 -1.426935677133924e-01
112 279 1.173673580497422e-01
112 298 -3.415300000000000e+00
112 348 6.047577351982556e-03
112 398 8.793699510872505e-02
113 24 -4.820719112107419e-02
113 113 1.401105000000000e+02
113 263 -3.676471000000000e+01
113 337 -3.731343000000000e+01
113 378 -4.694836000000000e+01
113 416 -1.908397000000000e+01
114 19 1.053873554779699e-02
114 49 -6.009615000000000e+00
114 114 1.401044000000000e+01
114 115 -2.604167000000000e+00
114 167 8.577434251895918e-02
114 260 -1.550691734831377e-02
114 285 -5.396654000000000e+00
114 393 -5.687951056330586e-03
115 5 -8.000000000000000e+00
115 46 8.686105457158207e-03
115 48 2.329706887613185e-01
115 114 -2.604167000000000e+00
115 115 1.398483000000000e+01
115 163 -7.666317805321300e-02
115 333 9.202579692486518e-02
115 334 7.700046982973835e-02
115 354 -3.380663000000000e+00
116 85 -1.402525000000000e+01
116 116 3.224018000000000e+01
116 117 -1.821494000000000e+01
116 178 2.422868973622136e-01
116 220 5.880180593009000e-02
116 366 1.199793764780772e-02
116 484 -1.610360338830389e-01
117 116 -1.821494000000000e+01
117 117 3.676781000000000e+01
117 119 -1.855288000000000e+01
118 118 2.975633000000000e+01
118 124 -1.908397000000000e+01
118 146 -5.583945160822518e-02
118 284 1.517528543867108e-02
118 289 6.916305558400133e-02
118 332 1.173860355073633e-01
118 346 -1.067236000000000e+01
118 359 -1.823222295735632e-02
118 467 5.018469386470007e-02
119 117 -1.855288000000000e+01
119 119 2.871548000000000e+01
119 222 1.744888423324057e-01
119 346 -1.016260000000000e+01
119 402 3.781992895291879e-02
119 418 -5.706601988290463e-02
120 4 -1.000000000000000e+02
120 120 1.769231000000000e+02
120 176 5.467553962156508e-03
120 178 1.487242536299328e-02
120 200 1.868077002858366e-03
120 318 9.547205259527682e-02
120 331 -2.353396329638836e-02
120 386 -2.483917845463332e-01
120 429 -7.692307000000000e+01
121 121 1.694915000000000e+01
121 123 -1.694915000000000e+01
121 124 -5.187498620795979e-02
121 357 1.393977408835313e-01
121 384 -3.151867793759839e-02
121 445 -3.273112048878133e-02
121 474 -1.011415958499859e-02
122 50 3.914451799709385e-02
122 101 -4.732289331013822e-02
122 122 3.394196000000000e+01
122 123 -5.783690000000000e+00
122 183 -2.480124437185368e-01
122 187 -1.290323000000000e+01
122 264 -9.633910999999999e+00
122 297 -5.621135000000000e+00
122 319 -1.398216702122810e-01
123 78 -1.324152000000000e+00
123 112 -3.492840000000000e+00
123 121 -1.694915000000000e+01
123 122 -5.783690000000000e+00
123 123 3.808705000000000e+01
123 138 -7.364474764921924e-02
123 144 -1.645583655264651e-01
123 179 -7.518797000000000e+00
123 265 -3.018412000000000e+00
124 15 4.130130067872022e-02
124 56 -9.633910999999999e+00
124 118 -1.908397000000000e+01
124 124 2.871788000000000e+01
124 151 -9.894014017343027e-02
124 165 -1.005115214336472e-01
124 170 9.121168008603062e-02
124 210 -1.114848665383814e-01
124 242 -1.589570362093002e-01
124 272 1.044726164986171e-02
124 376 5.430096199526627e-02
124 392 1.995500992184267e-01
124 475 1.736812329876697e-01
124 493 8.236008241453616e-02
125 125 3.294893000000000e+00
125 126 -3.294893000000000e+00
125 265 8.199763845346340e-02
125 299 -3.203836539294587e-02
126 25 6.804735484686646e-02
126 28 -4.129759511000559e-02
126 125 -3.294893000000000e+00
126 126 1.028301000000000e+01
126 144 -7.626552742436260e-02
126 188 1.664072876553301e-02
126 215 1.007437402426223e-01
126 385 -6.988121000000000e+00
126 391 1.037821367492855e-02
127 93 1.780325691217197e-01
127 127 3.910909000000000e+01
127 129 -1.996186378515458e+01
127 173 4.402150416662046e-02
127 226 -1.926782000000000e+01
127 345 9.061519141343929e-02
127 404 -2.721359097681121e-02
127 490 -7.206105865507795e-02
128 30 1.099488227754240e-01
128 97 3.262979876784258e-02
128 128 5.625283000000000e+01
128 160 -2.931158499819836e-02
128 225 -1.893939000000000e+01
128 359 1.713160345848737e-01
128 438 -3.731343000000000e+01
129 11 -5.448952177910267e-02
129 17 -6.751979499273207e-02
129 127 -1.981802290366419e+01
129 129 1.984127000000000e+01
129 270 -6.455271402002087e-02
130 18 8.683588762740206e-02
130 130 1.597444000000000e+01
130 141 -1.597444000000000e+01
130 175 2.896270038907428e-03
130 390 7.411926176198182e-02
130 489 1.241670162568203e-01
131 125 -3.277434475657136e-02
131 131 1.597444000000000e+01
131 141 -1.597444000000000e+01
131 195 -1.230710132509868e-01
131 331 9.335979685521273e-02
131 423 -8.320099956662670e-02
132 22 -1.093835519218690e-01
132 68 -1.333576160590496e-02
132 75 -1.669282410212379e-01
132 132 1.838235000000000e+01
132 141 -1.838235000000000e+01
132 158 -3.472755087036736e-02
132 208 -6.760181017502154e-02
132 391 8.046928246763138e-02
132 444 -3.778007826267236e-02
133 32 -8.705930323670535e-02
133 133 6.211180000000000e+01
133 142 -6.211180000000000e+01
133 163 3.254221605915564e-02
133 251 1.420813681076438e-01
133 322 8.588772889268149e-02
133 420 2.172436814573496e-02
133 445 -4.776679535276462e-02
134 57 9.882291848521807e-02
134 59 1.308163239153153e-01
134 72 -7.934645683036028e-02
134 73 9.541371558494752e-02
134 129 -5.329522546639542e-02
134 134 5.434782000000000e+01
134 143 -5.434782000000000e+01
134 158 3.416716210670708e-02
134 159 7.765424720059136e-02
134 317 -3.563887516544306e-02
135 135 2.257336000000000e+01
135 140 -2.257336000000000e+01
135 152 -1.325696209441174e-01
135 202 -4.391428510668235e-02
135 300 9.510749387680767e-02
135 369 9.402882121435657e-02
135 403 5.574092924238925e-03
136 104 1.826317192601019e-02
136 136 4.057852000000000e+02
136 141 -3.333333000000000e+02
136 142 -5.917160000000000e+01
136 144 -1.328021000000000e+01
136 275 -1.215592206506081e-01
136 325 9.377646302564782e-02
136 398 -4.168890381692513e-02
136 439 6.460664908046011e-03
136 484 3.413084583307355e-02
137 24 1.245699101396400e-01
137 137 4.440341000000000e+02
137 141 -3.703704000000000e+02
137 142 -6.024096000000000e+01
137 145 -1.342282000000000e+01
137 238 1.503479674368260e-01
137 335 1.071016788850376e-01
138 138 1.254902000000000e+02
138 199 -5.882352000000000e+01
138 243 2.683065058063539e-02
138 340 -6.666667000000000e+01
138 348 -8.430262571709364e-02
139 34 -5.888016113525753e-02
139 127 -5.255766326995606e-02
139 139 1.356852000000000e+01
139 147 -1.356852000000000e+01
139 229 -1.581546764636608e-01
139 286 -1.332471357803411e-02
139 353 -1.068684686662587e-01
139 425 8.206096160551429e-02
139 443 1.253227178088168e-02
140 22 -6.849315000000000e+01
140 23 -8.196722000000000e+01
140 135 -2.257336000000000e+01
140 140 1.730337000000000e+02
140 178 -1.887853387742316e-01
140 210 -8.727540772252486e-02
140 324 1.443901804198432e-01
141 44 4.791221879235205e-03
141 130 -1.597444000000000e+01
141 131 -1.597444000000000e+01
141 132 -1.838235000000000e+01
141 136 -3.333333000000000e+02
141 137 -3.703704000000000e+02
141 141 7.540349000000000e+02
141 203 1.258679544482595e-01
141 220 -3.058793085555094e-02
141 300 -1.033333822765957e-01
142 70 -4.962779000000000e+01
142 74 4.556018710141410e-02
142 96 1.966757597215486e-01
142 133 -6.211180000000000e+01
142 136 -5.917160000000000e+01
142 137 -6.024096000000000e+01
142 142 6.433062901672968e+02
142 143 -1.886792000000000e+02
142 173 -4.427883351785394e-02
142 340 1.098343928460376e-01
142 344 1.350924667165372e-01
142 388 9.152875029626761e-02
142 416 -6.110259076535556e-02
142 453 4.428923444407559e-02
142 467 2.504189241296598e-02
142 473 -1.886792000000000e+02
142 478 -1.218027000000000e+01
142 487 -2.262444000000000e+01
143 68 -1.636966954567677e-01
143 91 -3.050258147947615e-02
143 134 -5.434782000000000e+01
143 142 -1.886792000000000e+02
143 143 2.745828000000000e+02
143 172 -1.649299343793851e-01
143 174 1.898909263975364e-01
143 242 -3.155569000000000e+01
143 322 -3.492410433927207e-02
143 366 -9.900647252912932e-03
143 383 1.038650342580333e-01
144 64 4.605001849441742e-02
144 136 -1.328021000000000e+01
144 144 1.328021000000000e+01
144 169 -5.335512297940816e-03
144 209 3.029968970834141e-01
144 222 -5.880129192834552e-02
144 237 8.060069372028408e-02
144 291 1.624068423158814e-01
144 334 6.831773539128053e-02
144 493 1.691872028234035e-02
145 53 1.742160601055432e-02
145 110 1.152423967296543e-01
145 137 -1.342282000000000e+01
145 145 1.342282000000000e+01
145 337 1.052689116323784e-03
145 353 6.524941457353789e-02
145 476 3.976334546088677e-02
146 84 1.673253717181501e-02
146 110 -1.197944338619132e-01
146 146 8.617574000000000e+01
146 183 -8.576328999999999e+00
146 244 1.541787976692325e-01
146 245 -6.878052000000000e+00
146 336 1.187810642800572e-01
146 339 -7.072136000000000e+01
146 422 2.627086891081221e-02
146 424 -1.603719779965325e-01
146 486 -1.491433205896187e-01
147 37 -8.561643999999999e+00
147 80 -9.765625000000000e+00
147 127 4.026636870194053e-02
147 139 -1.356852000000000e+01
147 147 3.189579000000000e+01
147 197 -1.626199960486181e-01
147 220 1.395290914152638e-01
147 414 5.337231380526274e-02
148 88 -1.874318935423148e-01
148 148 1.960784000000000e+01
148 238 -1.561454593928102e-01
148 434 -9.803922000000000e+00
148 443 -9.803922000000000e+00
149 62 1.852487484056681e-02
149 149 3.606135000000000e+01
149 150 -2.060779000000000e+01
149 217 -1.545356000000000e+01
150 6 -1.526718000000000e+00
150 98 -5.892752000000000e+00
150 149 -2.060779000000000e+01
150 150 3.812827000000000e+01
150 188 -1.005611841837260e-01
150 397 -1.010101000000000e+01
150 477 -6.142772370129498e-02
150 478 -3.653325994918438e-02
151 139 -9.738293955470561e-03
151 151 5.286848000000000e+01
151 153 -5.371435000000000e+00
151 154 -2.452002000000000e+00
151 155 -4.504505000000000e+01
151 277 -2.570010518329005e-02
151 313 -1.373096205021735e-01
152 55 -1.802713344929485e-01
152 104 1.559289608634028e-01
152 133 -2.237059182167134e-02
152 152 5.550949000000000e+01
152 153 -5.443658000000000e+00
152 154 -2.446783000000000e+00
152 155 -4.761905000000000e+01
152 296 2.062545682263247e-01
152 436 3.535461477743011e-02
152 478 -8.036197567826296e-02
153 30 5.242754976637895e-02
153 47 -3.419973000000000e+00
153 121 -3.232534866509056e-02
153 151 -5.371435000000000e+00
153 152 -5.443658000000000e+00
153 153 2.986007000000000e+01
153 159 -6.372015163884202e-02
153 203 -1.562500000000000e+01
153 322 5.255867350165094e-02
153 430 1.536902381949124e-01
153 459 -3.733861339033268e-02
154 3 6.110252233534410e-03
154 151 -2.452002000000000e+00
154 152 -2.446783000000000e+00
154 154 4.898785000000000e+00
154 191 -3.149145875497559e-02
154 192 -6.692417789810039e-03
154 403 -1.178572798860694e-02
154 436 -6.871093007653335e-03
154 494 1.376354100000801e-02
155 23 -1.086956000000000e+02
155 76 -6.989005376469885e-02
155 151 -4.504505000000000e+01
155 152 -4.761905000000000e+01
155 155 2.187209000000000e+02
155 167 7.941968425557024e-02
155 189 -2.924305414435612e-03
155 210 -2.020775411026662e-02
155 241 -1.736111000000000e+01
155 435 -3.729773035450611e-02
156 85 6.860497731999475e-02
156 98 -9.680542000000001e+00
156 156 1.000968000000000e+04
156 157 -1.000000000000000e+04
156 192 1.547419181361508e-01
157 20 -6.938492195402426e-02
157 25 -4.741584000000000e+00
157 65 6.520237113313398e-03
157 156 -1.000000000000000e+04
157 157 1.000474000000000e+04
157 206 1.319488916482784e-01
157 267 -3.845923255678087e-02
158 4 -2.941176000000000e+02
158 68 1.414211468210063e-01
158 100 -1.162791000000000e+02
158 146 -1.767572643282763e-01
158 158 4.103967000000000e+02
158 197 -1.759050119445925e-01
158 226 8.154769807890981e-02
158 255 -8.933174030161711e-02
158 280 4.121117077734932e-02
158 449 -2.466959017466102e-01
159 159 9.574279000000000e+01
159 160 -4.073468000000000e+01
159 176 4.476331249922343e-03
159 183 -1.002305000000000e+01
159 184 6.422286749894150e-03
159 248 -2.116850000000000e+01
159 257 1.414869276379929e-01
159 283 -8.319942614369380e-02
159 306 1.769609687017921e-01
159 324 -2.745021603754416e-02
159 353 1.019898135472461e-01
159 388 -1.646362000000000e+01
159 392 -7.352941000000000e+00
159 441 1.123431666711361e-02
160 104 1.702993055291284e-02
160 159 -4.073468000000000e+01
160 160 2.020150000000000e+02
160 201 -6.800717120418152e-02
160 324 -1.669016969836552e-01
160 369 -1.943635000000000e+01
160 399 -1.418440000000000e+02
160 422 -7.451271987689241e-02
160 429 -7.170118213140422e-02
161 161 2.209945000000000e+00
161 172 5.011415191667535e-03
161 250 -1.277699248324189e-01
161 410 -2.209945000000000e+00
161 423 -6.725968222334784e-02
161 494 4.357806861638142e-02
162 20 3.443404182752982e-02
162 54 -6.896552000000000e+00
162 162 8.668659000000000e+00
162 355 -1.772107000000000e+00
162 370 -1.132613032243844e-01
162 437 -7.592184504382228e-02
162 470 1.067627584084755e-01
163 6 -7.668549711300315e-02
163 36 -1.494759996461216e-01
163 163 1.324126000000000e+02
163 165 -1.067323328560487e-01
163 167 -2.252252000000000e+01
163 184 -4.293252169333441e-02
163 246 -1.098901000000000e+02
163 379 -7.898526443286422e-02
164 29 5.636587251381903e-02
164 164 1.076971000000000e+03
164 167 -9.999999000000000e+02
164 222 1.313824376687431e-01
164 225 9.626307204556760e-02
164 231 -1.559819000000000e+01
164 417 -2.735978000000000e+01
164 452 1.684987759155546e-01
164 470 -3.401360000000000e+01
165 7 -2.619172000000000e+00
165 23 -5.678772418739404e-02
165 90 -2.180523793615847e-01
165 111 1.627326469888869e-03
165 118 1.644374859138409e-02
165 165 2.619172000000000e+00
165 266 1.257303632939124e-02
